34349361152
40000000000
61544960000
51051261952
64420401152
4294967296
42040401920
61544960000
34349361152
51051261952
58773123072
823851904
38039601152
67402326016
61544960000
#ID:1
34349361152
77016580096
87697924096
61544960000
87697924096
56102068224
34349361152
61544960000
4294967296
42040401920
61544960000
34349361152
51051261952
58773123072
823851904
38039601152
67402326016
61544960000
#ID:2
36156833792
58773123072
42040401920
80454287360
80454287360
67402326016
64420401152
#ID:3
34349361152
36156833792
38039601152
4294967296
46370963456
61544960000
34349361152
51051261952
58773123072
823851904
38039601152
67402326016
61544960000
#ID:4